		-2.3210520074386753 -9.4332788200612505 2.4608442644325361
		-2.8421857323251225 -7.5039757778502025 2.4608442644325361
		-1.1151982609677435 -6.1372101682721079 1.3759060987754979
		1.421918132602416 -6.3800330164839067 1.8102749371272684
		2.1099421980423574 -7.4746012908860688 1.7002067741685445
		1.2558653934588679 -9.9498425636794003 1.7061105697158259
		-0.56597125147413196 -10.301883654156773 1.5501046845579995
		-2.1458842573855197 -9.8545366239336918 2.0076097332623513
		-2.8085127073889722 -8.2239763880348402 1.8890091121754693
		-2.8354076232406631 -6.9493911604721736 2.00215749317374
		-2.5455067288670201 -5.7973458413837236 2.2008903801901982
		-1.4817262501845931 -5.4054360122051559 2.3383100471333251
		0.55479697298293118 -5.5663063259656136 2.4106130307184332
		2.8598230077395499 -6.202166444836493 2.7843033576395211
		3.2963675787895581 -7.6531470277654572 2.9475516923675147
		2.5729771822996259 -9.31267450192124 2.8612608014524334
		1.811502797676259 -10.898962965764222 2.892303720661686
		1.2484099134051407 -11.390139350204469 2.6647102424000182
		0.31264095192754582 -11.597287208512656 2.3997406456496893
		-1.3794300764681326 -11.455392431508924 2.5013926914413047
		-2.3429635699399247 -10.796085655249161 2.3597541405063094
		-2.4899539126504995 -9.9259665498419007 2.8246565970547075
		-1.7327729344127654 -9.4465729112228267 2.808176154326151
		-0.87914204965675935 -10.074791075589095 2.8280496239069852
		-0.16558891384285798 -10.05716271339986 2.8803103179881204
		0.9817013242717717 -10.769507676547779 2.6551299501291714
		1.9731433206930504 -10.591455626568671 2.8052710386579842
		2.1754096087086836 -10.314205503573366 2.6396774887271519
		2.0603824694422035 -9.5472183772284396 2.7433921475721967
		1.1909763162057776 -9.4297308395513895 2.549528957674732
		0.32318371177419752 -9.7807326378355022 2.4370812480181443
		-0.55533348500568047 -9.8593322212049479 2.4672115027338748
		-1.3552057024206712 -9.6899760021496171 2.4591381172579361
		-2.0647057344110245 -9.317152159411954 2.4613013753179844
		-2.4840171358654106 -8.7160897171921796 2.4607217472022485
		-2.8693768511214417 -7.9665462087542869 2.460877071646566
		-2.918806681672784 -7.3762060024833573 2.4608354615269601
		-2.8970647863153611 -6.6549555210664595 2.4608466109248774
		-2.5828456514227152 -5.7796389475926384 2.4608436234527082
		-1.5583433457646234 -5.2776272696816182 2.4608444118531874
		0.43200560365715895 -4.995776469013693 2.4608441988254661
		1.9743113089659743 -5.3888065995962133 2.4608442566289757
		2.7066861317036959 -5.946582611838072 2.4608442436317666
		3.0763881368935744 -6.844560021385873 2.4608442509612205
		2.8530309322705896 -7.6623825025111421 2.4608442503709402
		2.8155551183337915 -8.5316575637843126 2.4608442515158235
		2.6445970475557581 -9.2003735096670045 2.4608442526342365
		2.2531779706364659 -9.9290397929521568 2.4608442543218692
		1.6371234626934699 -10.514539088059834 2.4608442548989999
		-0.020362478191454297 -10.77076933634838 2.4608442546970699
		-1.1350030577317396 -10.480003117596407 2.4608442540962665
		-1.7887616090104075 -10.142663135884552 2.4608442644325064
		-2.3206630003851791 -9.4517457435062262 2.4608442644325064
