		10.423955201755 -1.3927099303539872 1.9516793186729198
		8.7437390107367285 -2.9495837424935822 2.257250466478051
		6.6005553848254488 -1.0334508195214773 2.9721663121837021
		7.1136189737623745 2.409022997747412 1.7237081304408397
		8.974051656018414 2.7741338045852912 2.1797494184169524
		11.399059917486813 1.1002102988925624 3.4193316474327724
		11.171094467833761 -1.159502282919602 3.1159201812655493
		9.6609635538983447 -2.9779811303751642 3.7143423824143769
		7.7476200233678609 -2.9263165831524875 1.6240652029595668
		6.4711270504323686 -2.0219874149011048 2.126332496715194
		5.1888780265428762 -0.16025673996548925 2.207541824252937
		6.526406399007894 2.4340443034413575 1.3804375569020639
		7.335556333915294 2.3329682217775964 1.5184982272677132
		8.1473836107525699 2.7977070727871705 1.793359813155893
		9.6809534322839728 2.824520449822991 0.55585279923627984
		10.542074832631371 1.8171623729580009 1.7547172432265581
		10.804538618222265 0.37397076525372669 0.96689080996195054
		10.818258412241436 -2.1890983739050172 2.2850697143847296
		9.8247879242348191 -2.6000182801378502 3.4386530640071205
		8.3011534405052316 -2.8673157846765744 2.6450767392396735
		7.4051452074757584 -2.2531703688586067 3.1835466384695779
		5.8439034354694206 -2.0227478774817369 2.1098711668919483
		6.2868189869694673 1.3040033873027885 2.3397561084909588
		6.7992956506775739 2.6121155594867345 3.8125727740715543
		8.0418230181710264 3.041121226057014 3.762508167781216
		9.2536262528409274 2.4485730220582163 1.9515352334910838
		9.7768333485598404 1.3767498442762549 2.4193017868350428
		10.061550814106644 -0.36539794818210014 2.2103423029540495
		10.423955201751234 -1.3927099303535164 1.9639365691450466
