		1.7418879438718902 9.582133340279313 2.4865766321722722
		2.198992936516091 7.8899908817133388 2.4865766321722722
		1.4278769824710718 5.6598352947017796 2.3402140022742661
		-1.495465348346686 5.8878849278402585 1.3257742699195183
		-3.3374828431985888 7.6753558727016067 2.3880443305882966
		-1.7966396386824093 10.254629312290952 1.8162927057602809
		-0.32598239046672506 10.811657566925813 1.9339083071508394
		1.8857069045004184 9.9743448436656568 1.5380509305301844
		2.5589039384147325 8.9396859462950928 2.6706998329889706
		2.3142045085892011 7.6942997537324871 2.6986082820516955
		1.4551115928134506 7.7705089519838344 2.9328517429451026
		0.8946064494643603 8.9130912504112896 1.7014639654434058
		0.43922178973677378 9.7144937935096998 2.3067286006376455
		-0.51233016556612299 9.7503564555012314 1.966346930185418
		-1.5439672932261461 9.2569415747739701 1.9972336831641444
		-2.2239732060264119 9.4137146126115177 2.146603714610761
		-2.1575984604682361 10.989624066953489 2.0172618046679225
		-1.8057983846876 11.047207553354214 2.0345236520584096
		-0.53133672603015047 11.542261760466603 1.9139261569553767
		0.97395240597383848 11.312557987530717 1.8853057589242441
		1.856255461557814 10.72219229389775 2.1632486281295473
		2.0913834464412808 9.9756436084992401 1.9141369507740098
		1.9407552295226758 9.191171139024414 1.9559364983855283
		1.4499628829498068 8.9859382118067046 1.9620742683140422
		0.82072767258225188 8.974214724042719 2.6271161478832576
		0.22334914113765617 9.046940565204876 2.4489187090956066
		-0.34467451122891024 9.2442936382564529 2.4966665296232788
		-1.0794663312704649 9.5889066760679995 2.4838724489467547
		-1.6413361131633182 10.266554922745884 2.4873008815154747
		-1.5346767050708194 10.873214217415972 2.4863812969547969
		-1.029970314949598 11.310901515437081 2.4866313882607201
		-0.010208428370707822 11.553889543149376 2.4865505686657237
		0.9276717510529866 11.435691910055997 2.4866237803653335
		1.3924696788015882 10.680984351002975 2.486411738976237
		1.2524583470244344 10.147940202852753 2.4871866623083312
		0.55146472909567457 9.725714536733058 2.4842989432751712
		-0.75500597809636583 9.4539341993982635 2.4950749407847268
		-1.848309305835111 9.9280902982279571 2.4548596693291915
		-1.8975678160035059 10.564545465540034 2.6049450010533355
		-1.1251605735093602 11.066005168637712 2.0448189206439622
		-0.1069697058512169 11.348903536546525 2.1848504354404006
		0.5404643344969966 11.047285186110951 2.1848504378967237
		0.8683623224616227 10.477077849452703 2.0448189112208244
		0.59807362252909968 10.05277117300607 2.6049449929146529
		-0.24955127488594819 9.4963336817597863 2.4548596616632214
		-1.480847281502284 9.2304446880313442 2.4950749049749104
		-2.5751813196959121 9.7462838382197248 2.4842992629793792
		-2.8163412381601769 10.407755783761427 2.4871865876488291
		-2.3475058420007624 10.884301014528345 2.4864129309663396
		-1.1383247915891239 11.22294146159536 2.4866202330151239
		0.2367638575412668 10.9821375929463 2.4865646814134981
		0.70613151510666328 10.543491515880289 2.4865795844864444
		0.91588445543235542 9.9987974889705384 2.4865755058734571
		1.2238456531945234 9.6605143443052253 2.4865766321717282
		1.6683062566455245 9.5352972283313893 2.4865766321717282
