		-9.9960948760000008 0.43371454180000002 2.1629172149999998
		-7.1956475060000002 1.7369219659999999 2.2711395489999999
		-6.3303140129999997 0.93541777810000004 2.475115615
		-5.8615388609999997 -0.3067608752 2.9115898659999999
		-6.1352845460000003 -1.5291340579999999 3.4567395009999999
		-7.2496566380000003 -2.1389852349999998 3.7500379499999998
		-8.8606979270000004 -1.8851473519999999 3.7625181219999999
		-10.212693229999999 -0.92907522210000004 3.6977143730000002
		-10.608755220000001 0.32795265800000001 3.5881137719999998
		-9.9874842749999999 1.4374161620000001 3.5764073999999999
		-8.8510695829999992 2.1311759690000001 3.624277916
		-7.7294299779999998 2.4174389939999998 3.5808752959999999
		-6.7926120299999999 2.382797724 3.4784090760000002
		-5.9782883040000003 1.9734833549999999 3.4894698690000001
		-5.3356155970000003 1.0680588209999999 3.521990637
		-4.8823439930000001 -0.18111113049999999 3.4435828129999999
		-4.5353587009999998 -1.2633347539999999 3.2782280660000001
		-4.2018087480000004 -1.7218829980000001 3.1197446229999999
		-3.90165118 -1.5276966510000001 3.0685983289999998
		-3.7075095650000001 -0.89520691320000001 3.0780766829999999
		-3.6880312549999998 -0.047420856740000003 3.082377186
		-3.9102180030000002 0.77755467990000005 3.0890423409999999
		-4.319000849 1.2465033329999999 3.0872585190000001
		-4.7981536580000004 1.139518056 3.0877285890000001
		-5.3247081329999997 0.53525838000000003 3.0844861570000002
		-5.9867037859999996 -0.35569328490000002 3.0634285979999998
		-6.8357539489999999 -1.3455169309999999 3.0163224039999998
		-7.831971351 -2.1102971340000001 2.9974282489999999
		-8.8872906769999993 -2.2663166530000001 3.0535012589999999
		-9.8907403830000007 -1.6821512190000001 3.0967801910000001
		-10.65857055 -0.5115573162 3.0851836160000001
		-10.862473400000001 0.78259214180000003 3.088290888
		-10.36876545 1.731438764 3.0874582830000001
		-9.4205275010000005 2.3342388710000002 3.0876813620000001
		-8.3232170819999993 2.6865431160000002 3.0876216150000002
		-7.2536423010000002 2.726415212 3.0876375170000001
		-6.4364543349999996 2.428639762 3.0876336499999999
		-6.0675907840000001 1.700473364 3.0876332550000001
		-6.0164047360000001 0.60902817210000004 3.0876390759999999
		-6.0096651310000002 -0.57018847159999997 3.0876172099999999
		-5.8624575009999997 -1.5519884349999999 3.0756316940000001
		-5.5038989330000003 -2.1844399509999999 2.9769280299999998
		-5.0023256849999997 -2.5147289669999999 2.6587508479999999
		-4.5096778789999998 -2.628027425 2.1816774990000001
		-4.1355035210000004 -2.4178788959999999 1.8795445959999999
		-3.9145657059999999 -1.797917655 1.834139593
		-3.9583804539999998 -0.8999981453 1.852046844
		-4.3645164210000003 -0.085749489479999996 1.958130012
		-4.9950565559999998 0.22270445650000001 2.1257712770000001
		-5.6507625209999999 -0.1030918527 2.2707451189999999
		-6.2868337790000002 -0.80901496900000003 2.3808924810000001
		-7.0246479089999996 -1.5053558119999999 2.4004171900000002
		-7.9498969209999997 -1.912487764 2.3220104149999998
		-8.9204374190000006 -1.9389871110000001 2.2272618610000001
		-9.6348375710000003 -1.576994078 2.1902164069999999
		-9.9961761140000007 -0.91432151750000001 2.1790857199999998
		-10.08207662 -0.2303664221 2.168985744
		-10.01110104 0.23640185120000001 2.1605379199999999
		-9.9687349219999994 0.40985907329999999 2.1605379199999999
