		0.77119254670000004 -1.4636578440000001 1.9597847129999999
		0.21451067639999999 -0.91328614929999996 1.9245677320000001
		0.17074483600000001 -0.53151385520000005 1.938176458
		0.13316680440000001 -0.05371680945 1.9424886260000001
		0.082064550180000001 0.40421032690000003 1.9264780720000001
		0.0065624933989999997 0.79072396919999999 1.907431098
		-0.1027264049 1.132469489 1.8820400260000001
		-0.2634300269 1.4116489560000001 1.8557299169999999
		-0.47541551859999998 1.6114764619999999 1.833682107
		-0.72720021580000005 1.714857509 1.821004998
		-0.99356958520000005 1.7118724890000001 1.820638969
		-1.2402412039999999 1.60408313 1.8329864010000001
		-1.4315248 1.4071257399999999 1.8561303419999999
		-1.5390587330000001 1.1506183940000001 1.8863658050000001
		-1.547765796 0.87446507139999996 1.9188277540000001
		-1.457343225 0.621118905 1.9483795100000001
		-1.2803685520000001 0.42628226330000002 1.97072644
		-1.0393648310000001 0.3124195622 1.9834140680000001
		-0.76365334549999997 0.28775871510000001 1.9863426200000001
		-0.48467338640000002 0.34959969530000001 1.981626646
		-0.2287966099 0.48843906459999997 1.972801858
		-0.009603374651 0.69018920539999995 1.9635625910000001
		0.17622862859999999 0.93601733730000003 1.956501311
		0.34646374689999998 1.201015298 1.952475094
		0.52476928860000005 1.4535525229999999 1.9508999149999999
		0.72944925920000003 1.6571030819999999 1.950631067
		0.96380942960000004 1.7755472269999999 1.9507441510000001
		1.2120670819999999 1.7813377619999999 1.9508079810000001
		1.442971169 1.6641070200000001 1.950784785
		1.6201630300000001 1.4363124249999999 1.950957064
		1.7149645490000001 1.1329611820000001 1.95211325
		1.715926836 0.80423200520000004 1.9558584130000001
		1.6311966440000001 0.50255894189999994 1.964657455
		1.483470939 0.26872233979999999 1.981319104
		1.3008290010000001 0.1230233021 2.0081652719999998
		1.1082303120000001 0.065632236479999995 2.0466933269999998
		0.92315177569999995 0.084677362470000003 2.09831748
		0.75549043930000004 0.1653496605 2.165509862
		0.6090248935 0.29330787229999999 2.2515110370000002
		0.48201040769999998 0.45170857250000002 2.357484913
		0.36753808329999998 0.61759876489999999 2.4786313
		0.25637727719999998 0.76360807100000005 2.6028475879999999
		0.1430240599 0.86488478930000001 2.7143030709999998
		0.031365479260000002 0.90580955829999998 2.8001654130000002
		-0.0650537739 0.88173912649999997 2.855533908
		-0.12935715689999999 0.79600262970000002 2.8827942539999998
		-0.1501229372 0.65556347989999997 2.8862472389999998
		-0.12710350940000001 0.46775223869999999 2.8666005220000002
		-0.071623304070000005 0.2383211338 2.8194881970000001
		-0.0032224023649999999 -0.029057699789999999 2.7385888949999999
		0.054946822630000003 -0.33075821459999999 2.6207292579999999
		0.080672985680000003 -0.65834944910000004 2.469834214
		0.056721392430000003 -0.99354270450000004 2.2980178410000001
		-0.026310875050000002 -1.3074386170000001 2.1235966240000002
		-0.16894821800000001 -1.5664846299999999 1.9666304130000001
		-0.3633560267 -1.742440658 1.8434067510000001
		-0.59448384269999999 -1.8201953 1.7622372289999999
		-0.84134315469999998 -1.799179496 1.7227466339999999
		-1.078987761 -1.6896664349999999 1.7186728060000001
		-1.281993607 -1.5087335740000001 1.74172781
		-1.429113917 -1.2788059439999999 1.783907106
		-1.5073586219999999 -1.027268171 1.837816809
		-1.513518892 -0.78386972749999995 1.896457286
		-1.452579233 -0.57517959620000003 1.953630932
		-1.3344871009999999 -0.41893376100000002 2.0047363260000002
		-1.1716793729999999 -0.32185302459999998 2.0470688209999999
		-0.9786257532 -0.28188822650000001 2.0792853029999998
		-0.77224434829999999 -0.2926639935 2.1005027740000002
		-0.57064644499999995 -0.34701723540000001 2.1097856610000001
		-0.38898333019999998 -0.43825314900000001 2.1064338789999999
		-0.23421542009999999 -0.55992941289999998 2.0908699099999999
		-0.102398499 -0.70553402119999997 2.0654984879999998
		0.019109464430000001 -0.86833058340000002 2.0349268299999999
		0.1462322995 -1.0404206620000001 2.0052954860000001
		0.29627398300000002 -1.210780679 1.9829324189999999
		0.48839555010000002 -1.364669956 1.972872325
		0.72962958379999998 -1.4847860340000001 1.9777659940000001
		1.000610459 -1.551072411 1.997350288
		1.2751059570000001 -1.543211654 2.0284026239999999
		1.531099467 -1.4475493530000001 2.065321457
		1.73932216 -1.2625503090000001 2.1016726989999999
		1.8766140950000001 -1.004259826 2.1324428219999998
		1.9297792730000001 -0.70592990150000001 2.155727803
		1.8959133290000001 -0.4104475689 2.1726100420000001
		1.781165812 -0.15864006859999999 2.185457242
		1.599762696 0.020225175500000001 2.1962358750000002
		1.3729669790000001 0.11142775520000001 2.2060632579999999
		1.126178517 0.1119975716 2.2157287060000002
		0.88334978819999999 0.026341114740000001 2.2262320880000002
		0.66044314630000001 -0.13599088509999999 2.2390625179999999
		0.46127033020000002 -0.35965430859999997 2.2565335599999998
		0.27809229969999999 -0.62199709759999999 2.2819134029999999
		0.096576460779999998 -0.89364172539999998 2.318368548
		-0.097569168339999998 -1.1428446670000001 2.3665773510000001
		-0.31317743850000002 -1.3423981199999999 2.4228740389999999
		-0.55093779330000003 -1.4753634179999999 2.480384259
		-0.80350932890000004 -1.536271962 2.5332763699999998
		-1.057736945 -1.527567334 2.5809896889999999
		-1.2979614850000001 -1.454119682 2.628755119
		-1.509267707 -1.319084243 2.683772437
		-1.67973835 -1.1226392919999999 2.7499589900000001
		-1.8014127 -0.86342947420000005 2.8248915970000001
		-1.870139862 -0.54198091020000005 2.900493655
		-1.8844975129999999 -0.16518645309999999 2.9666503240000002
		-1.843910065 0.24988915859999999 3.0157844319999998
		-1.746689323 0.6757129583 3.04628305
		-1.5895024929999999 1.079604233 3.0632421750000001
		-1.3694496920000001 1.433149045 3.0763069349999999
		-1.0880199370000001 1.72013277 3.0957324690000001
		-0.75409479720000006 1.937453157 3.1282491989999999
		-0.38315781389999998 2.0886049359999999 3.1741382680000001
		0.007274381293 2.174794076 3.2268541540000002
		0.40237824350000001 2.1894001350000001 3.2760323699999998
		0.79053441940000002 2.117954933 3.3128634219999999
		1.158852862 1.942666821 3.3347921459999998
		1.4880427869999999 1.649856129 3.346809565
		1.7525186020000001 1.2384150309999999 3.3592481460000001
		1.927530033 0.72610991250000001 3.3839344539999998
		1.9988130319999999 0.15009949440000001 3.4300276049999998
		1.967717395 -0.4395898774 3.4999349639999999
		1.848408485 -0.99114263830000005 3.5866742509999998
		1.6600255719999999 -1.4620580030000001 3.6753471129999999
		1.4197881450000001 -1.826393677 3.749626686
		1.1406949159999999 -2.0762392439999999 3.7998358859999999
		0.83277934200000003 -2.2176803760000001 3.8270702810000001
		0.50471174519999995 -2.263603357 3.8407972319999999
		0.16440409319999999 -2.2268883160000001 3.8524171030000001
		-0.17979397829999999 -2.1167447049999999 3.8693552680000001
		-0.51561635159999997 -1.938675299 3.8924590979999998
		-0.82255908560000002 -1.696842213 3.9169179249999999
		-1.0709386139999999 -1.397421177 3.9357030659999999
		-1.2273941639999999 -1.0518224190000001 3.943867225
		-1.265287998 -0.67849578860000004 3.9413486880000002
		-1.174557911 -0.3022209803 3.9324672719999998
		-0.96588550350000002 0.04873559064 3.922679128
		-0.66799350140000002 0.34555349670000002 3.9153428350000001
		-0.3208511758 0.56028481689999998 3.9109023249999999
		0.031402469029999998 0.66692833910000004 3.9085003490000001
		0.34586390290000002 0.64532809030000005 3.9081606020000002
		0.58513103929999999 0.48930542449999997 3.9117402559999999
		0.72184919810000003 0.2156934184 3.9220842230000001
		0.74362684590000006 -0.1323415372 3.9410036919999998
		0.65622997930000004 -0.49243770460000003 3.967490245
		0.48235857329999998 -0.79908996089999995 3.9977233019999998
		0.2555541442 -1.0010591630000001 4.0273263869999996
		0.0121829483 -1.0717246869999999 4.054261769
		-0.2144452996 -1.0091953739999999 4.0797086140000003
		-0.39626508370000002 -0.83003823080000005 4.1059174220000001
		-0.51090345879999999 -0.56321209809999995 4.1330467769999997
		-0.54319114820000003 -0.24712489060000001 4.1579793870000001
		-0.48817585149999998 0.072896193930000006 4.1757704369999997
		-0.3534044751 0.35073230329999999 4.1813869810000002
		-0.158002483 0.54909561380000005 4.1693561949999998
		0.071914417369999997 0.64804251499999999 4.1320763999999999
		0.30984277180000003 0.64771013619999995 4.0602588480000001
		0.53506332190000006 0.56435609590000002 3.9476615060000002
		0.73635626460000003 0.42225777749999999 3.7975249459999998
		0.91224855660000004 0.2449938552 3.6248350660000002
		1.067975444 0.0489726121 3.4510704680000002
		1.210248386 -0.15900713920000001 3.2948002839999999
		1.3412928630000001 -0.37986724649999998 3.1654882459999998
		1.453943097 -0.61748015519999999 3.0645153920000001
		1.5301759580000001 -0.87340771689999996 2.9902730829999999
		1.5451382899999999 -1.143127658 2.9411378080000001
		1.4760793400000001 -1.4147541159999999 2.9141297549999998
		1.3119306500000001 -1.6706214420000001 2.9026365209999998
		1.0580980470000001 -1.8915314329999999 2.8971108160000001
		0.73398464969999999 -2.0622484380000001 2.888447378
		0.36547874530000002 -2.1753803089999999 2.8707042880000002
		-0.022615897879999999 -2.2307664489999999 2.841239785
		-0.41001039750000001 -2.230055503 2.799410741
		-0.77921530459999999 -2.170165656 2.7458442600000001
		-1.1111323870000001 -2.0415969700000001 2.6829900379999998
		-1.3822423210000001 -1.8352555290000001 2.6164796809999999
		-1.566782433 -1.5549220450000001 2.5562747720000001
		-1.643956244 -1.2263334029999999 2.5158916790000001
		-1.6064276850000001 -0.89398000580000003 2.5080831319999999
		-1.4649106160000001 -0.60469856749999995 2.5379497849999999
		-1.2458446759999999 -0.38703963949999998 2.5980095809999999
		-0.98334248410000002 -0.23864081570000001 2.6698098529999998
		-0.70963987029999998 -0.1281070956 2.7318085729999999
		-0.44823909290000002 -0.0092497496390000003 2.7681108829999999
		-0.21143578790000001 0.15928743649999999 2.772591867
		-0.001220249726 0.39652647699999999 2.747458328
		0.1883921315 0.69045729889999996 2.6992606760000002
		0.36852838139999999 1.0024185059999999 2.6355895189999998
		0.55177088210000003 1.28288209 2.5635991929999999
		0.74757088199999999 1.4901128729999999 2.489769296
		0.95841356320000004 1.6018794080000001 2.419791252
		1.179179298 1.616473375 2.35776896
		1.4002965119999999 1.5467730669999999 2.3048546879999998
		1.6120754159999999 1.4135539269999999 2.2586222120000001
		1.8066034660000001 1.241512473 2.214677542
		1.976046397 1.0568556120000001 2.17020671
		2.1091435299999999 0.88120636299999999 2.126712527
		2.1930307469999999 0.7184196813 2.0889333739999998
		2.2293660310000001 0.54668740400000004 2.058456337
		2.2446256739999999 0.33505166479999998 2.0278536759999999
		2.2647262800000001 0.066949340760000003 1.992364861
		2.279627225 -0.25479559930000001 1.964812113
		2.226932524 -0.61061802679999999 1.953865588
		2.0303833020000002 -0.97587662829999999 1.950830055
		1.6917981209999999 -1.2890679 1.950891497
		1.3066366380000001 -1.448598856 1.951454499
		0.99658197719999997 -1.4744110399999999 1.9539724709999999
		0.82684211860000001 -1.4677742389999999 1.9580101889999999
		0.77901911609999996 -1.4601717299999999 1.9603307910000001
		0.77184372430000003 -1.4643662049999999 1.9603307910000001
