101.3086 -0.7380 0.0000
45.2527 -53.1365 -2.4971
-21.7712 -76.7528 -30.7979
-62.3616 -60.5166 -63.5257
26.1993 -19.1882 21.4272
78.4617 -54.6125 -5.4336
-1.8450 30.9963 -57.5445
-55.7196 -11.8081 -25.3005
-35.7934 -59.7786 -24.9138
82.8543 57.4372 62.4108
-33.5793 69.3727 -44.3335
-21.0332 -35.4244 11.8847
38.0074 75.2768 31.5562
73.2902 -50.1845 -8.1222
-33.5793 -56.8266 -13.9179
-56.4576 44.2804 62.0908
68.2657 13.2841 31.3787
-63.8376 -52.3985 -63.6841
-56.4576 65.6827 -0.6593
49.8155 -27.3063 8.4598
9.2251 -72.3247 16.2344
10.7011 83.3948 -17.2972
76.9258 48.6085 71.6253
-80.0738 -40.5904 -57.4619
19.5178 -41.9459 -7.3323
57.2733 56.8266 -4.3969
