-100.0000 0.7380 0.0000
-51.9083 53.7527 72.2102
2.5830 -11.8081 -0.3469
-69.7417 -42.0664 32.3806
17.3432 42.8044 -25.9024
86.7159 -44.2804 14.3609
-19.5572 -60.5166 -33.1302
-64.5756 17.7122 -15.7200
13.6531 58.3026 -28.5470
78.5978 45.0185 19.4580
18.0812 -61.9926 34.3040
63.8376 -77.4908 -19.3549
82.2878 -39.1144 2.9538
54.9815 -24.3542 17.6927
15.8672 -40.5904 1.2918
-25.4613 -76.7528 -23.5237
-74.9078 -83.3948 2.2621
-74.1697 -16.9742 -56.4652
-14.3911 -2.9520 2.8240
15.1292 -51.6605 18.8889
-54.2435 -75.2768 36.0062
-45.3875 -47.9705 -13.7865
-27.6753 -64.9446 -37.2625
-56.4576 -72.3247 43.7252
-77.8598 -54.6125 75.9846
-29.8893 -36.9004 -18.2230
-8.4871 -57.5646 -6.2436
36.5314 -80.4428 -13.1998
59.4096 -65.6827 0.9517
52.7675 -40.5904 19.9973
40.2214 -59.7786 14.1710
52.0295 -80.4428 -40.0843
74.9077 -64.2066 23.8994
61.6236 -22.1402 12.4115
21.7712 -36.1624 -5.3221
20.2952 4.4280 -3.6461
54.9815 -12.5461 20.8658
72.6937 11.0701 14.1565
49.8155 14.0221 41.7174
39.4834 -14.7601 14.9127
69.7417 -19.9262 1.3688
88.9299 5.9041 -37.9452
64.5756 22.1402 51.0322
23.9852 2.9520 -1.4817
22.5092 39.8524 -22.1330
49.0775 47.2325 -8.1156
45.3875 59.7786 -27.0676
21.0332 59.0406 -19.6768
0.3690 40.5904 -18.7182
21.0332 30.9963 -16.9429
54.9815 29.5203 44.4148
70.4797 49.4465 3.4464
57.1956 69.3727 -46.1308
17.3432 67.8967 -19.2162
-13.6531 45.0185 2.0902
6.2731 7.3801 -4.9860
24.7232 -14.7601 -4.4997
12.9151 -30.2583 -4.4022
-12.1771 -27.3063 8.0612
-9.9631 -15.4982 4.3784
3.3210 0.7380 -2.5544
-0.3690 16.9742 -6.0899
-23.2472 25.0923 -0.7566
-40.2214 11.8081 -23.5476
-46.1255 -8.8561 -67.6506
-26.1993 -29.5203 -13.1753
32.8413 -39.8524 8.7149
49.0775 -19.9262 19.6737
50.5535 18.4502 45.1946
35.0554 39.8524 -12.2793
8.4871 50.1845 -29.6947
-13.6531 44.2804 2.1288
-31.3653 22.8782 -7.8164
-26.1993 5.9041 -3.2597
-6.2731 -15.4982 4.1726
7.0111 -32.4723 1.7744
-2.5830 -48.7085 8.8464
-28.4133 -53.8745 -32.0740
-63.8376 -51.6605 54.5256
-56.2873 -41.9332 -5.0738
-45.0826 -14.6524 -67.7047
-80.4145 -23.5595 -28.2531
