-57.9336 62.7306 0.0000
-0.3690 67.8967 -6.2452
60.8856 49.4465 41.1316
72.6937 21.4022 -16.5427
38.7454 6.6421 26.1543
-11.4391 8.8561 34.0764
-58.6716 15.4982 -14.1757
-58.6716 39.1144 -1.0223
-45.3875 47.2325 10.6689
21.7712 45.0185 5.9896
61.6236 22.8782 -10.1634
30.6273 10.3321 27.8869
-32.8413 11.8081 -11.8374
-58.6716 22.1402 5.1092
-4.0590 37.6384 -3.0139
52.7675 22.8782 12.4483
73.4317 4.4280 -1.0711
28.4133 -9.5941 3.7213
-46.8635 -5.9041 -49.3858
-63.8376 -16.2362 -11.2584
-64.5756 -34.6863 -24.0402
-37.2694 -61.9926 -63.2482
4.7970 -67.1587 20.4369
44.6494 -64.9446 2.2317
54.2435 -36.9004 38.1989
8.4871 -24.3542 22.1620
-38.0074 -19.1882 16.9088
-58.6716 -27.3063 16.0643
-46.8635 -54.6125 -29.4373
-7.7491 -67.1587 60.2710
38.0074 -68.6347 -17.9992
57.1956 -49.4465 8.4275
60.8856 -19.1882 16.8216
43.1734 -8.1181 6.6238
1.8450 -8.8561 4.5013
-45.3875 -19.9262 29.5743
-58.6716 -39.8524 27.3013
-22.5092 -49.4465 13.6489
22.5092 -50.1845 -2.2951
44.6494 -34.6863 8.5177
36.5314 8.8561 34.6667
-0.3690 28.0443 -8.8655
-32.1033 29.5203 23.4838
-60.8856 32.4723 -8.3001
