71.2177 64.9446 0.0000
85.2398 -16.9742 16.3074
23.2472 -62.7306 -4.4603
-45.3875 -68.6347 27.9847
-66.7897 -6.6421 -23.3552
-58.6716 60.5166 -31.7254
7.7491 67.8967 -34.4328
54.9815 45.0185 33.8095
74.1697 -2.9520 52.8331
46.8635 -45.0185 -63.0149
-7.0111 -60.5166 53.6151
-60.8856 -53.8745 14.1356
-65.3137 -7.3801 -21.5909
-56.4576 25.8303 6.9488
-29.8893 53.8745 -11.1776
18.0812 58.3026 -35.5244
54.2435 43.5424 31.5463
71.9557 -6.6421 33.4584
27.6753 -61.2546 -26.4485
-22.5092 -61.9926 50.5993
-51.2915 -19.9262 -35.3858
-41.6974 14.0221 42.1191
-17.3432 41.3284 -40.4708
27.6753 43.5424 -66.2964
52.7675 26.5683 18.4254
54.2435 -6.6421 21.7325
21.0332 -45.0185 -15.5960
-45.3875 -57.5646 18.0668
-57.1956 -37.6384 15.4645
-39.4834 0.7380 12.5060
-14.3911 35.4244 -31.8356
28.4133 33.9483 -58.0829
42.4354 16.2362 48.0428
46.8635 -19.1882 30.8681
24.7232 -47.9705 -24.0086
-26.1993 -50.9225 39.0916
-56.4576 -33.9483 8.6637
-54.9816 -16.9742 -29.2339
-38.0074 11.0701 54.4397
-16.6052 27.3063 9.5973
13.6531 32.4723 -45.4214
42.4354 16.9742 43.6998
46.1255 -6.6421 38.3800
32.8413 -35.4244 -15.3944
-31.3653 -52.3985 23.8079
-56.4576 -39.8524 13.1945
-60.1476 -15.4982 -29.1761
-53.5055 5.1661 25.1753
-41.6974 36.1624 2.5483
-20.2325 53.0074 -24.3900
-7.6918 57.2393 -2.4736
9.9238 59.4387 -30.0700
38.5986 69.0419 -35.1600
