1.8450 -101.1070 0.0000
87.4539 -36.9004 15.0771
-14.3911 54.6125 30.7031
-56.4576 -19.1882 -64.7178
-43.1734 -69.3727 53.8989
47.6015 53.8745 -31.6403
99.2620 18.4502 -43.7441
-6.2731 -84.8708 37.3139
-57.9336 36.1624 80.5180
25.4613 -22.1402 -9.5248
43.1734 60.5166 -7.7474
-72.6937 -26.5683 -9.4734
-13.6531 -70.1107 -28.4736
38.7454 -51.6605 25.5278
-32.1033 22.1402 3.7989
15.8672 63.4686 -40.7617
77.1218 10.3321 9.8223
-32.8413 -69.3727 31.8302
-40.9594 38.3764 85.9605
26.1993 39.8524 -31.9309
-49.8155 -76.7528 15.0341
5.5351 -79.7048 47.8056
80.0738 -2.2140 -30.0433
-26.9373 64.9446 42.9652
-57.9336 -20.6642 -56.0390
27.6753 -45.7565 16.1033
-53.5055 -63.4686 79.4366
