1.1070 100.7707 0.0000
35.0554 33.2103 25.0253
33.5793 -14.7601 -10.4061
4.7970 -42.8044 -39.7118
-42.4354 -53.8745 -21.2524
-66.7897 -36.1624 63.4676
-72.6937 2.2140 -26.7231
-27.6753 39.1144 -11.1095
41.6974 36.1624 13.5176
80.0738 7.3801 82.9912
78.5978 -47.2325 17.4520
33.5793 -61.2546 -42.7397
-18.0812 -47.2325 -13.3785
-43.1734 5.9041 -77.7262
-22.5092 48.7085 -22.0842
39.4834 59.0406 -27.0029
48.3395 8.1181 36.6522
46.8635 -34.6863 35.5037
-15.8672 -36.9004 -16.4660
-46.8635 19.9262 -55.6021
-23.2472 49.4465 -21.5170
56.4576 51.6605 8.3738
67.5277 -12.5461 23.8109
24.7232 -58.3026 -57.6167
-28.4133 -67.1587 -6.7001
-49.8155 -21.4022 -14.2738
-58.6716 27.3063 -33.7892
-18.8192 55.3506 -13.1944
69.0037 31.7343 57.3303
74.9077 -36.1624 38.1829
40.2214 -66.4207 -36.5442
-15.1292 -66.4207 -1.9314
-75.6458 -30.9963 73.1537
-77.1218 28.7823 -40.3174
-56.4576 61.2546 2.1377
-20.2952 67.1587 21.5181
32.1033 -42.0664 -12.5581
-8.4871 -70.8487 -12.4843
-66.0517 -53.1365 69.4539
49.0775 7.3801 36.0106
39.4834 36.9004 14.8345
-45.3875 8.1181 -76.9408
-13.6531 -53.8745 -13.5366
62.3616 -69.3727 -42.1879
52.7675 -22.8782 6.8673
-52.0295 -19.9262 -8.5643
-40.9171 29.4531 -23.8524
