-67.3955 -59.0406 0.0000
-13.6531 -87.0849 29.8339
26.1993 -84.1328 28.1128
64.5757 -58.3026 -32.0495
58.6716 -14.7601 40.0562
60.8856 30.9963 24.9359
-2.5830 49.4465 -23.2064
-45.3875 11.8081 -12.4090
29.8893 -62.7306 6.1771
58.6716 -19.1882 42.5472
-21.7712 5.1661 35.0115
-36.5314 -25.8303 -26.1531
64.5757 -24.3542 47.2104
59.4096 42.0664 23.1355
-18.0812 30.9963 -26.2666
-34.3173 -57.5646 -32.1690
21.0332 -67.1587 20.9234
30.6273 -4.4280 10.7370
-35.0553 48.7085 0.6679
30.6273 68.6347 -16.1115
63.0996 30.2583 18.9712
-5.5351 -26.5683 13.6867
-68.2657 21.4022 -16.3522
43.9114 18.4502 40.3127
50.5535 -34.6863 21.7491
5.5351 -52.3985 20.7039
-20.2952 25.0923 7.7750
39.4834 48.7085 39.8029
63.0996 21.4022 56.7445
57.9336 -22.8782 32.8938
-10.7011 -50.9225 4.0569
-69.7417 -10.3321 -65.2387
-24.7232 59.7786 -6.6566
49.8155 48.7085 58.1564
64.5757 13.2841 33.5309
60.1476 -35.4244 32.8530
-4.0590 -38.3764 12.9226
17.3432 58.3026 -65.6353
49.8155 71.5867 -13.6835
-29.8893 24.3542 -7.1692
-18.0812 -24.3542 -3.3522
57.9336 -36.9004 29.8202
59.4096 34.6863 14.4176
-19.5572 11.8081 46.2893
8.4871 -36.1624 15.8648
44.6494 -23.6162 3.2263
31.3653 50.1845 -1.2640
-9.9631 12.5461 17.8383
24.7232 -22.1402 -4.4677
53.5055 -13.2841 16.5447
44.6494 35.4244 3.1857
-30.6273 27.3063 -11.8655
-33.5793 -34.6863 -5.3597
4.0590 -57.5646 38.0532
62.3616 -45.7565 -4.9420
37.2694 41.3284 2.5727
-54.2435 14.7601 -46.0218
-69.0037 -19.1882 -63.1135
-54.9815 -48.7085 -23.1684
