61.4292 -66.0362 0.0000
8.4871 -63.4686 54.6320
-39.4834 -24.3542 -38.2017
-18.0812 34.6863 -11.5774
60.1476 36.1624 13.6317
60.1476 -1.4760 -6.5201
-14.3911 -60.5166 -9.2595
-63.0996 -19.9262 -73.8470
-51.2915 21.4022 -50.1174
12.1771 50.9225 -48.0947
63.0996 19.1882 47.9764
61.6236 -26.5683 30.0747
-25.4613 -72.3247 -12.2351
-52.7675 10.3321 -60.6441
-40.2214 52.3985 8.2656
40.2214 48.7085 4.1256
60.1476 22.1402 44.1163
52.0295 -43.5424 33.3549
-5.5351 -61.2546 5.7187
-49.8155 -39.1144 -35.7949
9.9631 0.7380 -3.6413
52.7675 17.7122 24.3134
3.3210 40.5904 -27.3649
-21.7712 -12.5461 2.0909
40.9594 -41.3284 -1.1801
19.5572 -36.1624 11.8076
-48.3395 -10.3321 -67.3622
26.1993 39.8524 12.2975
58.6716 19.1882 37.1748
22.5092 -26.5683 8.6517
-32.1033 -50.9225 -25.7836
52.0295 -60.5166 20.1979
28.4133 11.0701 23.5941
-63.8376 28.7823 -14.6679
-21.0332 -49.4465 -13.7645
16.6052 2.9520 -3.9893
-19.5572 25.8303 24.7091
-44.6494 -20.6642 -62.2703
9.2251 -53.1365 27.8953
46.1255 -8.8561 0.3305
41.6974 41.3284 -10.1493
-17.3432 40.5904 -32.0741
-19.5572 -27.3063 -49.1053
29.8893 -56.8266 16.2752
70.4797 -56.0886 -24.8280
63.8376 14.7601 44.9179
-31.3653 15.4982 33.0072
-52.0295 -37.6384 -46.6266
9.2251 -64.9446 52.7146
35.7934 14.0221 5.9504
-45.3875 66.4207 87.8033
-57.1956 12.5461 -61.5434
-42.4354 -22.1402 -52.7234
48.3395 38.3764 -14.5390
-29.8893 61.2546 8.0734
5.5351 -11.8081 20.4947
29.8893 -20.6642 -8.3457
-16.6052 -22.1402 -29.9359
29.8893 -54.6125 15.6606
